image: map7_map.png
resolution: 0.0554
origin: [-100.98046127566786,-36.346689411228084, 0.000000]
negate: 0
occupied_thresh: 0.45
free_thresh: 0.196
width: 2.2
